-0.0884
-0.1124
-0.1501
-0.1976
-0.2892
-0.4254
-0.6313
-0.9178
-1.3015
-1.7933
-2.3905
-3.0922
-3.8870
-4.7507
-5.6473
-6.5428
-7.3882
-8.1406
-8.7611
-9.2239
-9.5144
-9.6410
-9.6114
-9.4625
-9.2121
-8.8878
-8.5031
-8.0770
-7.6108
-7.1113
-6.5888
-6.0479
-5.5036
-4.9679
-4.4566
-3.9694
-3.5177
-3.0938
-2.6974
-2.3286
-1.9870
-1.6769
-1.3996
-1.1587
-0.9530
-0.7902
-0.6554
-0.5484
-0.4654
-0.3956
-0.3379
-0.2851
-0.2424
-0.2027
-0.1656
-0.1383
-0.1168
-0.0978
-0.0827
-0.0773
-0.0671
-0.0571
-0.0462
-0.0347
-0.0249
-0.0139
-0.0102
-0.0038
0.00 
0.0  
0.0  
0.0  
0.0  
0.0  
0.0  
0.0  
0.00 
-0.00 
0.00
